These are the average number of agents in a blob.
1.3949367
1.3333334
1.3117507
1.3486683
1.3309352
1.4289277
1.5608466
1.6338798
1.7928994
1.6
1.6621253
1.7844827
1.8250729
1.8022922
1.8567251
1.9023669
2.0309598
2.030675
2.0846395
2.1373801
2.26
2.4963768
2.4510489
2.6503758
2.6792452
2.6296296
2.8125
2.8730159
2.8740158
2.9163346
3.0245903
3.325893
3.4155252
3.1574469
3.2620087
3.3526785
3.4363637
3.745098
3.9792745
3.6730769
3.8275862
4.0673575
4.213904
4.174603
4.163158
4.2180853
4.320652
4.3315215
4.6057143
4.64
4.8402367
5.012195
5.080247
5.2611465
5.267516
5.301282
5.267516
5.3612905
5.299363
5.367742
5.409091
5.5733333
5.707483
5.7210884
5.6959457
5.6959457
5.734694
5.827586
5.9788733
6.0212765
5.9859157
6.028369
6.2262774
6.325926
6.325926
6.43609
6.43609
6.443609
6.443609
6.5
6.492424
6.3955226
6.3955226
6.402985
6.6307693
6.912
6.983871
7.266667
7.3361344
7.6
7.6842103
7.830357
8.06422
7.9727273
7.9099097
8.12963
7.900901
8.148149
8.419047
8.528846
8.528846
8.438095
8.438095
8.538462
8.601942
8.666667
8.85
8.772277
8.87
8.676471
8.959596
9.081633
9.195876
9.0
9.442105
9.542553
9.868132
9.9777775
9.879121
9.76087
9.75
10.321839
10.310345
10.321839
10.44186
10.298851
10.067416
10.963414
10.57647
10.57647
10.552941
10.702381
10.86747
11.148149
11.012196
10.987804
11.615385
11.766233
11.766233
11.792208
11.653846
11.960526
12.133333
12.324325
12.337838
12.534246
12.364865
12.534246
12.324325
12.666667
12.680555
12.694445
12.694445
12.8732395
12.520548
12.1866665
12.1866665
12.534246
12.736111
12.736111
12.3918915
12.763889
12.943662
12.929578
13.114285
12.929578
13.142858
13.514706
13.746268
13.731343
13.954545
13.954545
13.318841
13.529411
13.761194
13.761194
13.544118
13.362319
13.157143
13.171429
13.558824
13.558824
14.153846
14.153846
13.731343
13.939394
13.924242
14.153846
13.939394
14.421875
14.453125
14.453125
14.421875
14.16923
14.184615
14.421875
14.4375
14.666667
14.68254
15.180327
14.919354
14.919354
14.68254
14.4375
14.68254
15.163935
14.666667
14.903226
14.903226
14.666667
14.666667
14.919354
15.180327
15.45
15.416667
15.416667
17.148148
16.836363
16.836363
16.836363
16.818182
17.148148
16.818182
16.22807
16.22807
15.694915
14.967742
14.967742
15.0
15.262295
15.81356
15.81356
15.81356
16.350878
16.660715
16.963636
16.963636
17.296297
18.352942
18.37255
18.392157
18.392157
19.142857
18.72
19.520834
19.520834
19.520834
19.12245
19.163265
19.604166
19.583334
19.163265
18.76
19.163265
18.78
18.37255
18.74
19.5
19.5
19.081633
19.914894
19.914894
19.914894
20.369566
19.893618
19.914894
19.914894
19.93617
20.844444
20.844444
22.380953
21.860466
20.844444
20.391304
21.813953
21.318182
21.318182
20.391304
20.866667
21.34091
21.906977
21.386364
21.386364
21.906977
21.930233
21.431818
21.431818
21.95349
20.955555
20.955555
20.955555
20.955555
20.955555
21.477272
21.477272
21.522728
22.023256
22.0
21.95349
21.95349
22.5
21.95349
23.04878
23.09756
22.547619
22.547619
22.52381
23.09756
23.09756
23.09756
23.09756
23.09756
23.09756
24.307692
24.333334
24.333334
24.333334
24.333334
24.947369
24.947369
25.64865
25.621622
26.416666
26.416666
26.38889
25.675676
25.675676
25.0
25.0
24.358974
23.775
23.8
23.219513
23.219513
23.219513
23.825
23.825
23.825
26.472221
26.472221
26.472221
25.756756
25.756756
25.756756
25.756756
25.078947
27.257143
28.058823
25.105263
24.461538
23.825
25.078947
25.72973
25.052631
23.170732
23.146341
22.04651
24.973684
24.973684
24.973684
25.64865
25.702703
26.38889
26.38889
25.675676
25.702703
25.72973
28.029411
28.029411
28.029411
27.2
27.2
27.171429
27.970589
28.0
27.970589
27.142857
27.970589
27.970589
28.0
27.2
27.2
26.444445
26.444445
27.2
28.90909
28.90909
28.90909
28.029411
28.029411
28.029411
28.029411
28.058823
28.939394
28.058823
28.058823
28.058823
28.058823
28.058823
28.058823
28.058823
28.088236
28.088236
28.088236
28.117647
30.903225
33.068966
31.966667
29.96875
30.935484
32.0
30.935484
30.935484
32.0
32.0
32.0
34.32143
35.592594
35.592594
33.13793
33.0
34.17857
35.444443
35.444443
32.96552
33.03448
33.03448
31.933332
31.933332
31.933332
31.933332
31.966667
31.966667
31.966667
31.966667
31.966667
30.903225
30.935484
30.935484
31.966667
31.966667
33.068966
30.935484
30.935484
32.0
32.0
32.0
32.0
32.0
32.0
32.0
30.935484
31.966667
31.966667
30.935484
30.903225
30.903225
29.9375
29.9375
30.935484
30.935484
32.0
32.0
31.966667
31.966667
32.0
33.13793
34.392857
34.392857
33.206898
33.206898
34.392857
34.392857
34.392857
35.666668
35.703705
35.703705
35.703705
35.666668
37.03846
37.03846
37.03846
37.03846
37.03846
37.03846
37.03846
37.03846
37.03846
33.103447
32.0
32.0
31.966667
31.966667
31.966667
33.068966
33.068966
33.068966
33.068966
33.068966
33.068966
